-3.472803189935579904e-01 6.094468602126890122e-01
1.416771215623569891e+00 4.430554502406039985e-01
-5.118055961572890444e-01 6.207855563195330273e-01
-5.299142842234150219e-01 6.230819925070849585e-01
-1.255395154677720004e+00 -3.669644852752090153e-02
3.707828232944699876e-01 7.651409597666189999e-01
5.400677053864949562e-01 1.339132847382640046e+00
1.357564735029409997e+00 -1.819178525295249982e-01
2.506197247956200025e-01 9.771162330312029853e-01
5.521808811015299634e-01 9.257447760489839750e-01
2.575415672497349817e-01 5.873732918205329945e-01
-6.974547058172569924e-01 -2.033357081795609922e+00
4.306218908163320092e-01 1.067708730611560020e+00
-9.793759036835749665e-01 -1.945737158011640044e-01
-4.298666493370220110e-01 7.255890225443569763e-01
3.343665292205930117e-01 -1.265902260586269978e+00
3.371250218934370158e-01 -6.281691502833329777e-01
-6.411202543145859689e-01 7.215255864635310434e-01
-1.302916860258690024e+00 -4.596076742235359891e-01
5.780584704219410286e-01 -1.278862530674409914e+00
1.871331724035439903e-01 -1.155524244647500032e+00
6.035284321160909737e-01 9.577798277650909631e-01
-9.647030782634709312e-02 -1.625125962834530036e+00
1.150129379231880078e+00 1.895179198763130013e-01
4.179330935689180015e-01 7.396287470166770239e-01
-1.475375777668529897e+00 3.746781370922759868e-01
9.569465142405639835e-01 4.128636880758789762e-01
-3.612634840044139928e-01 7.236823146006590157e-01
3.018779791092079945e-01 1.063003640018739926e+00
1.418502535534809983e+00 3.679048273397599877e-01
1.716629251238100118e-01 -1.701507783893660086e+00
2.678970544906459916e-01 -1.409306598675609923e+00
7.381228990568570181e-01 7.330175721318620274e-01
1.408797099543910081e+00 -1.985555788387029924e-02
8.602509813693119678e-02 -1.883890762742709946e+00
1.111524262848869959e+00 1.483791518176599933e+00
6.702686702044600153e-01 1.069015130062280106e+00
-9.222232092349329502e-01 9.158654224669440236e-01
-1.428854766088190065e+00 7.459074889170880240e-02
3.127528579946889931e-01 3.852721921777370051e-01
8.761212265919680053e-01 -1.334935593954430066e+00
3.681933037183580115e-01 5.873587772671490237e-01
1.184241885919429915e+00 -2.388454156674729989e-01
7.544258928691850441e-01 -1.795185986324489891e+00
5.158325413144929650e-01 1.278393809203119957e+00
9.824773934895379979e-01 -6.000349495594080318e-02
-8.954842537508569955e-02 -1.989325434562390083e+00
-2.669612389733739821e-01 -1.211272255136200071e+00
1.390275244301780067e+00 3.324916158545669909e-01
1.063608517908249951e+00 -1.289809360232480051e+00
9.938982498972680490e-01 -3.194649083542350221e-01
4.121996889601829972e-01 9.077635540443820261e-01
4.393177312556439951e-01 5.658715822071920254e-01
6.325995739822130037e-01 -1.309153321424580074e+00
-3.036396469568239942e-01 1.136551321895659994e+00
4.820956665598269963e-01 7.601571071686920034e-01
2.545078009484200154e-01 1.168064642955960020e+00
-1.891279123916139948e+00 -2.442266449065559897e-01
6.600265742826050275e-01 9.353859651293640054e-01
-8.116686788529330343e-01 -2.975970376158050268e-01
3.584393087337390260e-01 -1.669386936479620109e+00
8.923929798710580341e-01 7.274708570144939879e-01
4.884095646895539877e-01 8.736494603443899498e-01
1.651142857733570057e+00 -5.127642256084380401e-01
-7.238122623147150159e-02 1.055125540149679964e+00
-2.516516961659789886e-01 -1.583487863025589970e+00
-6.488581120380609857e-01 4.552707814074339887e-01
-1.363823975487800100e+00 4.360232443601919777e-02
4.586461082899220276e-01 -1.976601078355860075e+00
4.074025997564599821e-01 4.418089748014509821e-01
1.229698871250600067e+00 1.100291590057820013e-01
-3.362758298225920206e-01 -1.836225108823920094e+00
-9.630353083559769489e-01 2.227476387749839914e-01
-1.321173043975989891e+00 -1.935448392351149982e-04
-1.609237656524719950e+00 -2.513373809418230076e-01
6.876741852721519610e-01 6.551795695429000199e-01
9.593612700559940309e-01 2.144562548560189907e-01
1.353018665591299907e+00 -1.256198872357610075e-01
-4.766475922471820059e-01 6.575559385196200202e-01
-1.044395598206770082e+00 -2.040364635091820034e-01
1.306998362486250009e+00 -8.527383066308209802e-02
-1.271031191044259989e+00 -1.320371260151129988e-01
8.879524428027749661e-01 1.029744924017879981e+00
-1.388312195678639949e+00 -2.254822670240400062e-01
5.141254298336129791e-01 1.135840236235879930e+00
7.852731235410710386e-01 1.073996105444090077e+00
-6.887178013496979556e-01 5.604280270135929554e-01
-6.917466619390739702e-01 7.437870627575680071e-01
-7.485339649705730070e-01 -1.365817348019930044e+00
2.639563779181190034e-02 6.773894215496689686e-01
-6.591168636535910119e-01 -9.651428257302530067e-01
1.208371696552279939e+00 -1.824102562296650021e-01
5.431370819478860135e-01 7.462633031351559865e-01
-3.561199520607160052e-01 1.272936555120250057e+00
5.326445931126559952e-01 5.508517615275150270e-01
1.844492272016319934e+00 8.174744027428650084e-02
-6.766360039809199423e-02 -1.590531689848180052e+00
-2.355535055485450113e-01 -1.383912975763279984e+00
3.833953228449940021e-01 5.388929097137129531e-01
3.605693089640519822e-01 -1.461488336714880099e+00
-1.439983375338099947e+00 1.298658107985880064e-02
-7.993071535058360322e-01 -2.635610739254359847e-01
1.360356156626010060e+00 -1.491262641270290068e-01
2.877335315243340075e-01 4.487973841385469731e-01
6.242109909876250029e-01 5.105428509089839917e-01
1.202139049433659901e+00 -1.716276304902280003e-01
-3.634611086798840152e-01 6.624106985925279911e-01
1.585486100273910015e+00 4.963628678708489894e-02
1.635291354477619974e+00 -2.530769798634370238e-01
-7.433691367541680473e-01 6.806354609981479786e-01
-1.387078517438210090e+00 -1.985223801636860075e-01
-1.776416624066349925e+00 1.414983195348450129e-01
1.369164492966790103e+00 -5.986997726977869722e-02
1.139587772330310056e+00 1.198026957104650014e+00
-1.661438534025559965e-01 5.422822664363740053e-01
-5.021379044726880236e-01 9.144160799080579549e-01
-2.260221613034290034e-01 6.453371683111740476e-01
-1.402650648067010009e+00 4.119052879793930200e-01
-1.576443067611740023e+00 1.533964301209100045e-01
4.908138398533379854e-01 8.708510803655360455e-01
-1.763189492239660039e+00 -3.487574269414830085e-03
5.729381193055119725e-01 4.652837855077979756e-01
-1.469272339223350043e-01 7.794989543579300406e-01
-3.559207057058140222e-01 9.034960532859579452e-01
-1.411514807403420058e+00 1.101136498451470019e-01
-4.822589781988679825e-01 4.668975347822830191e-01
4.349814888333140006e-01 -1.705224134237349976e+00
4.770803264784860276e-01 7.158109610194010042e-01
1.323950193663030017e+00 -2.500768052118290119e-01
1.174386340320159983e+00 1.067161098217480064e-01
-3.067951639156559773e-01 4.545808003376189954e-01
-1.426149917985009896e+00 2.568789132539279763e-01
1.698365013367540088e+00 5.873481944841779656e-01
-3.744556095056369993e-01 7.227063026841059612e-01
1.368235246683020101e+00 -3.605736069187500115e-01
-1.270491470187320004e+00 3.368798007914249881e-01
8.154646739882009943e-01 6.494576792661560516e-01
-2.804622039739899930e-02 -1.567991082649689893e+00
3.062433479847940232e-01 6.842110052595440362e-01
2.562533492871940100e-01 -1.152022419700909905e+00
-1.031562930587700100e+00 3.011021542292099951e-01
8.830940809456849783e-02 -1.739662757890729994e+00
-7.093146253468329832e-02 5.457674348319150326e-01
1.291996490531279962e+00 -3.349405270125849765e-01
5.868196883489109617e-01 8.121711045169119902e-01
1.209429782271900011e+00 -1.929284694352789986e-01
-1.043434453101000026e+00 -1.258342440670310092e+00
-1.529187188890640092e+00 1.552898814780540038e-02
-1.115789394631580000e+00 1.538658904491440049e-01
-6.047859237526149734e-01 6.921270541630819562e-01
-3.090333362546039964e-01 -2.086271766500269909e+00
6.274101837327630271e-01 1.168028220991929933e+00
7.654144643264350067e-01 5.068281519623509812e-01
-9.143565219296929669e-01 -2.583776626571060095e-02
-1.059089150371330001e+00 7.484932784108179471e-02
1.571578537268919940e+00 7.159220801745949658e-02
-9.072188454748499886e-01 9.247926411760739596e-01
1.384733041137200082e+00 1.577277279894929995e-01
6.961932908131439612e-01 6.949768869165590113e-01
-2.716124265710649910e-01 4.465280951482910043e-01
-2.757826460311960104e-01 8.200854722852609635e-01
-3.816321729559700102e-03 8.441503182581500120e-01
1.659142953000869891e+00 -4.473462160810839916e-01
-3.659985961659049936e-02 -1.630680054286810066e+00
1.663478764607140004e-01 -1.719744858509349994e+00
-1.726087843117849907e+00 8.886476315776320467e-02
9.729662156674359630e-02 -1.540097840736069923e+00
1.763641113295850049e+00 -4.567195575738969837e-01
-6.560539066940279662e-01 7.102499504849979495e-01
-2.761233519958040117e-01 9.739413733922419603e-01
1.789971811115389944e+00 -2.508473926936090059e-01
9.655071051513699487e-01 9.626332504251710054e-01
4.376206680696799745e-01 1.062093452614979894e+00
3.742491707483510122e-01 2.260158036960830119e-01
6.328354064026300296e-01 1.147573648522280054e+00
5.981534322812559479e-01 1.523909554006529943e+00
-1.192032739808009945e+00 1.935699422021220084e-01
2.710732836849100158e-01 -1.050720204703869953e+00
6.353192764430469763e-01 1.054619122970559930e+00
-1.335440409915680027e+00 8.568688339414540223e-02
-1.189625317497690071e+00 2.475886310164999993e-01
9.220056174849120545e-01 6.274953456786150352e-02
2.823884284817819723e-01 -1.525011690563929934e+00
1.074846345852120022e+00 1.512597490483099938e-01
5.469734301949940036e-01 1.545023154359440043e-01
-1.111357334231219962e+00 1.888695618240160135e-01
-3.115556454572440126e-01 -1.150101756823010080e+00
-4.900710856994360265e-01 1.141380796023770072e+00
1.541276910485460006e+00 -1.416687227212450051e-01
-4.653683983908259991e-01 -1.840746660959819980e+00
1.114704226623679961e+00 6.426486117106069984e-02
-4.768343941616610127e-01 8.979342427194070275e-01
-4.675165919739259768e-01 6.678997503235220012e-01
-4.278621537572729894e-01 -1.632408831212750044e+00
1.571046749356689975e+00 -4.642651655012159928e-01
1.117737913727059995e+00 -4.524186346077669896e-01
-8.778116718794960471e-01 1.470483755958250094e-01
9.456960681774579935e-01 5.382039627674489735e-01
-2.742857624655040127e-01 6.038937626493620092e-01
1.954994543024169973e-01 -1.265861884454319908e+00
9.242457978115360406e-01 -1.067080367700589949e-01
-5.561601531076679761e-01 7.122374053163640362e-01
1.273614220930169960e+00 -4.555106687156980083e-01
-1.117895391364909896e+00 7.151278448600430215e-02
-1.939173774122129990e+00 8.350818729154529940e-02
-6.750512969894489901e-01 3.259354543670390236e-01
-5.118066233439899637e-01 -2.296641194270110098e-01
-2.779539318382149848e-01 7.624992326271340382e-01
-5.818174908350389751e-01 5.561637558295360328e-01
-6.218214236360769531e-01 7.238004460329430234e-01
1.420203261971640041e+00 1.111849913742500029e-01
2.460988131301519999e-01 -1.554120179550950054e+00
3.013798390409039851e-01 7.311409460619819889e-01
1.377188730212729917e+00 -4.860548897241689925e-01
1.295154260279480107e+00 7.211466764231809767e-01
-3.332748979926680177e-01 6.152163477175950357e-01
-9.530380703593930303e-01 4.152612758293010020e-01
1.399478314298669979e-01 -2.089163638155759894e+00
-1.539005889125379944e+00 3.555981179037709938e-01
-1.363735072021619921e+00 -9.074152067919570575e-02
6.851883130560319779e-02 -1.375746776642220004e+00
-6.331459498823139853e-01 1.128573465684550081e+00
-1.039821227418310068e+00 9.711535062723629375e-02
-2.121787834488089997e-01 -1.777470717571749903e+00
5.004853810426139749e-01 6.182161439353559551e-01
1.467007135982389965e+00 -4.387642836145699832e-01
-1.336644543342120073e-01 -2.319625298713750006e+00
-2.125026845739050041e-01 -1.666725731801129928e+00
1.416105390304470024e+00 4.293765801450800251e-02
-6.598060884414290450e-02 8.250913029245779962e-01
3.600393590824390033e-01 -1.288185591887599957e+00
-7.553554381295769504e-01 5.889713452829440365e-01
-8.998822865702600371e-01 6.061064935113009700e-01
1.988312167283350085e-01 -1.769037545593449945e+00
5.416412971954249755e-01 -1.269195126591829981e+00
1.159510536673840075e+00 2.413384499755240054e-01
-7.664079415976029486e-01 -3.757654727680450057e-01
5.524239594647799567e-01 7.398377464222010147e-01
-2.174609841084370054e-01 -1.540060557749939996e+00
3.086137349172070055e-01 -2.011039508108159790e+00
-4.563337463717009879e-02 -1.676835372145839997e+00
-3.085878364631040038e-01 -1.490577586278079902e+00
-1.494548132854590095e-01 -1.533696446768749944e+00
1.076227507662929961e+00 -1.965572777269539995e-01
-1.041808268576019936e+00 -2.744482513050590100e-01
-4.484055473543909764e-01 -1.831064398506649926e+00
1.116292016550519905e+00 -1.254668009096729930e-01
2.013029878743189949e-01 -1.153298746980560008e+00
1.283893920853270032e+00 -3.597792189865740009e-01
-5.202588467083559820e-01 2.840104559048670096e-01
-3.016829214795129777e-01 -1.620920740052290032e+00
-1.162357185792499970e-01 -1.905507070420739968e+00
6.097130410633050390e-01 -1.393888408874260021e+00
1.596040765087100022e+00 -2.000788126098289876e-01
1.501341467254400097e+00 1.430796009382210021e-01
2.503878525645680253e-01 -1.673010321595139960e+00
7.619420338392890457e-01 9.636969702641049462e-01
-4.686854108604780050e-02 -1.467852580172269938e+00
-8.137191330694220071e-01 7.797647805802719878e-01
1.159118678756760001e+00 -6.423649657755800546e-02
5.571600964915569554e-01 -2.292069868649909914e+00
-2.017346982318480031e-01 1.195373775389150017e+00
7.557313079564850211e-01 8.491578464061899645e-01
-2.903100797196940253e-01 6.431647937895510481e-01
-1.118693302995630079e+00 -1.565061822667790092e-01
-1.535961445293080097e+00 8.844614950934509556e-02
3.431223344829890110e-01 4.120493090847610063e-01
-8.927937968851480388e-01 1.094904251777889970e+00
-1.345922477297930020e-01 -1.398190305568669967e+00
-1.307008629346960049e+00 3.382478115971689903e-01
7.844454926384629712e-01 9.642814268222860141e-01
-5.042640507575349984e-01 1.395764816103260086e+00
7.151273179656260082e-01 8.898293705749590332e-01
1.649360654393319914e+00 -7.484087212565899705e-01
9.345617644499120136e-01 -9.520291137504739709e-02
1.074665631406920008e-01 -2.099728641387709871e+00
-5.585179965748080511e-01 -1.267070878615349949e+00
1.558458832217830103e+00 2.325225711043940047e-01
-4.495520115880650147e-01 -1.703664254205129902e+00
6.389219849619699465e-01 5.337045191255019860e-01
-8.703524575291240462e-01 2.363467012362540087e-01
1.051099487111329944e+00 3.067469936893160165e-01
1.017204074889000109e+00 -1.518189797846979938e-01
9.833844420139910003e-01 6.946343642959490472e-01
-2.184721227784139908e-01 1.055384465543089956e+00
-4.025432210639859898e-01 -1.556579928693019976e+00
1.300066081735739898e+00 7.329875328459510564e-02
1.011140285828040053e+00 1.919599601188639870e-01
1.066706540343139997e-01 -1.650337115344759908e+00
-1.370517447555390067e+00 2.273330583935579963e-01
-1.119815335256759914e+00 -7.920282213905459334e-02
1.001235270266350064e+00 1.788084444825449870e-01
-1.104490581002099958e+00 4.175625694437809857e-03
9.164823743669600065e-01 1.394317809440539957e+00
7.547852183551400085e-01 -1.976158807311999999e+00
1.266302184313619961e+00 -1.488858779067460114e-01
-3.201204929813409872e-01 5.976684198915149793e-01
4.812368664359149839e-02 -1.362281696183410107e+00
4.798668651135800101e-01 9.251950630538540166e-01
2.940587070903589728e-01 -1.975998769235939978e+00
-1.112315776810629986e+00 2.469405611706790016e-01
2.230825172029680115e-01 7.758678230218559735e-01
-1.253746352838410072e+00 2.846912862907780006e-01
1.191281637945019956e+00 9.113771680883819837e-01
1.054736701878929983e+00 1.647901579569580055e-01
6.917716471390410460e-01 -1.053978897389860059e+00
-4.149431471246570191e-01 8.122873959359480089e-01
7.641616545641010116e-01 1.815395760353240018e-01
-1.258952522919690065e+00 1.922998172752510004e-01
8.952608699827000471e-01 1.905181064010129932e-01
-1.136348010961399924e+00 -3.862579606166340052e-02
8.314927224232959713e-01 -1.339239988261450076e+00
4.850105080019729842e-01 1.142097537838880017e+00
1.174121953588620038e+00 -8.806320799685919687e-02
-4.444123884263250224e-01 7.837309767715530118e-01
1.724596791598880019e+00 6.876126279735379765e-02
-6.643400994503460000e-01 7.182995025585690030e-01
-6.617908980706359579e-01 9.247829820499019471e-01
-1.143384244379940018e+00 -2.738896791610210268e-01
1.783026585494479899e-01 -2.150338529561520051e+00
1.646589783002410101e+00 2.164568666254920032e-02
1.099160949105229962e-01 -1.589747273867949895e+00
-3.140276465561779862e-01 -1.705625297799119977e+00
6.436071173227030373e-01 7.163085950526729695e-01
1.248067915316980026e+00 4.003985483293719949e-01
-1.419026618657680094e+00 2.851893144161750104e-01
4.690644664235860128e-01 1.197566920553549963e+00
-6.208647602178930525e-01 1.856793880759039991e-02
-1.226662733921830006e-01 -1.850825170964589983e+00
3.485820486536689994e-03 -1.206079070277050080e+00
-7.193350818822530357e-01 7.764723910007419461e-01
1.937793776764649978e-01 -1.437634241981099903e+00
7.845730293929280286e-02 7.669735255746999991e-01
1.072267524806080008e+00 -1.974277956576920012e-01
1.263499229267770030e+00 -3.924685680294560247e-02
6.880432505192319859e-01 4.977858937511679960e-01
-1.353385738139839978e+00 -7.271403675036559600e-01
-5.537813217310799674e-01 1.439705123867460079e+00
-2.148844197041319959e-01 -1.657757684802360076e+00
-6.482290152782319570e-01 9.879966797931749589e-01
-4.077369090993570033e-01 4.362280078477229761e-01
1.304374207396640006e+00 1.049487283440009994e-01
1.385161870411929952e+00 1.191323175652049954e-01
8.643131816658570221e-01 9.209716667693970127e-01
1.637966840116719947e-01 -1.682974206530619909e+00
3.067889878465269726e-01 -1.901525930893229965e+00
9.282703079700560522e-01 6.686535120008809674e-01
-4.648310816366160170e-01 3.928935550116050002e-01
-4.182362312729839826e-01 9.254421766548930339e-01
2.536652435821600271e-01 6.777347127315339614e-01
1.228599454021789938e+00 2.648413003474149874e-01
-1.014256234396679890e+00 1.824654372215600007e-01
-1.347986941049770016e+00 -1.243021782682769971e-01
1.053636328411100109e+00 -1.846131281870630123e-02
6.718253233897769627e-01 8.580778484010740392e-01
-6.925868158050300094e-01 5.992546866885549717e-01
5.990285510087359766e-01 -1.037735549136219904e+00
-1.623779046144679938e-01 8.247993650113050190e-01
1.564225323616899921e+00 -4.590713226792190321e-02
3.861281121808750327e-02 -1.072863323812409897e+00
6.110308089323279734e-01 6.939258381010260379e-01
-5.875613459245140335e-01 -1.541598939090399911e+00
-1.220051612454930101e+00 -5.006155616470320258e-01
-5.275353697003589692e-01 -1.180760146145060085e+00
1.326498250212329921e+00 6.274991315283540150e-02
-2.778429387374999893e-01 7.925275096570310041e-01
-6.375021229454199689e-01 1.139978181554490044e+00
5.859262277172609945e-01 3.085147645409639927e-01
6.200044029386139743e-02 -1.656349562704239942e+00
-8.358600472703620055e-01 -1.476516189265159928e+00
-1.400978385504910051e+00 1.801934350203630020e-01
-1.074617619715720007e+00 4.383013193698040086e-03
1.346877126353390075e+00 3.244047507476229830e-01
4.174955452890110053e-01 -2.558536028356400038e+00
-4.253410984104680215e-01 -1.075327794428799999e+00
6.610546036479040266e-01 6.165734922494490178e-01
1.117531997717690073e+00 7.967747118640460258e-01
-1.195401666956450004e+00 2.041080732475039905e-01
9.549858284918489870e-01 6.301745361972890119e-03
-1.282395272210709924e+00 -6.291272976195649846e-01
4.338102218340170180e-01 7.494630845175039857e-01
-5.865076939853459681e-01 9.579348067176070014e-01
1.739098264367069935e-01 -1.284543349217230013e+00
3.420956794683939761e-01 1.037678560232550007e+00
-4.878136166864440182e-01 9.736656610646500232e-01
-7.387556304589809608e-01 6.532649868912959734e-01
3.631186381953899756e-01 3.905652189447920142e-01
1.642688692318049926e+00 -5.010226960748630498e-01
1.388882423930740018e+00 3.200720676703340262e-01
-1.375300585072920079e+00 6.951161181150769530e-02
1.303869062910129939e+00 -9.738565820598919787e-03
7.149901440520129992e-01 1.200395039779700079e+00
-1.830068523597699892e-01 -2.091980903740939812e+00
1.504068442514610027e+00 -1.416723921986529910e-01
1.281245960735970080e+00 2.577474218401200057e-01
-5.973559921126999628e-01 5.990083161433830128e-01
1.325934550857930105e+00 -3.719811641464659813e-01
1.100571183213060023e+00 -7.886752764950810679e-02
3.562050124410309770e-01 7.958378009825439747e-01
1.785970321406080030e+00 1.766183245385949951e-01
2.335822914271709905e-01 -4.523226349542570079e-01
3.541750082169159985e-01 -5.362891842491630534e-01
1.244104342917440098e+00 -1.894271458427559951e+00
-7.407046136715670359e-01 -3.259275687802989929e-01
7.782456965058700549e-01 1.220576853661309968e+00
1.743238390302960017e+00 -8.431157146409929970e-01
1.348434191942889937e+00 9.814469535617570406e-01
1.417313198934339935e+00 -1.388291448055289923e+00
9.787303798535830213e-01 -5.478370965772190182e-01
-7.028849674678880333e-02 2.968346984004119893e-01
1.158375020795660015e+00 1.510188065508669908e+00
-8.356789238570669909e-01 -7.437033255291329858e-01
1.386214664502019911e+00 -1.402789457099649972e+00
4.542016735528610072e-01 -2.918496374570039853e-01
1.464347691655790040e+00 1.319512272618450055e+00
-1.093601998353369992e-01 -7.728999303611699956e-01
1.159150916956990018e+00 1.121260521391560072e+00
-8.785998200086599930e-01 -9.932975267503609818e-01
7.576738892796300306e-02 7.482851361909710619e-02
-1.378873552250579948e+00 -2.094361860872819836e+00
1.370427827258849929e+00 -1.648602509054450049e+00
-9.678786119045710290e-01 -1.087122173549889936e+00
-1.375995375862020031e+00 -7.862746644165700127e-01
9.977749489620210133e-01 -8.559705429030609602e-01
1.313207005770909985e-01 -7.167243114889969569e-01
6.796412279002850276e-01 -1.288391705328669978e+00
-6.049316818196700529e-01 -1.403618784330479929e+00
1.434648827706709984e+00 -1.127877924833269985e+00
-1.470127794556060019e+00 -1.594448151628889976e+00
1.153750373662099982e+00 -8.620205963788020176e-01
-9.563452802652290252e-01 -6.557283621955649622e-01
-8.609048995211700250e-02 -7.374267643715729514e-01
1.058410965986460006e+00 1.184939473862790082e+00
-3.972385832935649841e-01 -5.795609110272239572e-01
1.461129364564099919e+00 -1.263608875387759900e+00
1.584876358103809890e+00 -9.841883847040650002e-01
-1.757557027740019873e-02 -1.007601544821169932e-02
5.772921974070179818e-01 -4.439974300009399966e-01
2.573039749843820112e-01 -9.137396538759899878e-01
2.358006350491460013e-01 1.292531941519720062e-01
6.617643351904700655e-02 -3.714018016537439654e-02
1.748812168795559896e-01 2.641541020323729880e-02
1.532921967020490106e+00 -1.895868216289720021e+00
-1.445658215088239995e+00 -1.378642260238730044e+00
3.921409653039369947e-01 -8.107346723463000338e-01
1.606569891094820068e+00 -1.387655670434370103e+00
3.009742443627230202e-01 -7.105542788995270476e-01
1.108527076260160005e+00 -1.314757827939529999e+00
1.880674244992809996e+00 -1.418872466037000013e+00
-1.110508014967279911e+00 -1.359206577423420104e+00
6.697588436338679507e-01 1.427484598222549916e+00
-1.548523561860130071e+00 -1.515767950195880065e+00
-1.941054997667440052e+00 -1.994576236455150031e+00
1.466047657477880017e+00 9.945290910370240267e-01
-5.468707217921320307e-01 -4.497081602926499694e-02
-2.982907955315710069e-01 -5.017121355252319725e-01
-6.110866770564969963e-01 -7.439617979476750298e-01
8.592705927026139667e-01 -8.289337752638750167e-01
-2.335847406734939957e-01 -7.084041426456340329e-02
2.535674180597070060e-01 -3.251476577655230127e-01
1.325950359124540068e+00 -1.786851034210720002e+00
1.315792723993620017e+00 -1.244668622222570020e+00
-1.837390265352859986e+00 -1.256134408645019906e+00
-8.581140498139530060e-01 -6.273671708242970491e-01
1.158980170211949989e+00 1.266484656079690074e+00
1.301407178696089906e+00 -1.408004765366209998e+00
-7.721524994990509594e-01 -1.548507596047240087e+00
-1.517321103035119911e+00 -1.616007912004379987e+00
1.948859848061269995e+00 -1.612416722355489940e+00
-1.187850057020199968e+00 -1.018743679052209972e+00
1.708114941414939913e+00 -1.211842032643239975e+00
1.446392368326639977e+00 -2.020257366731919912e+00
1.469413754707169950e+00 1.271042317884119921e+00
-1.812057066012260076e-01 1.419343744683579933e-01
-1.344849106462560062e+00 -1.755764652833929906e+00
1.176801680180640020e+00 1.181064711163019920e+00
1.306388645031379969e+00 -1.492082082578009894e+00
8.090232885219750258e-01 -1.739927863171240041e+00
-1.583018395774600018e+00 -1.417857326556140052e+00
9.722346088528489583e-01 1.002571080982920027e+00
-1.014238531665230036e+00 -4.442653238500809953e-01
5.757444397323699947e-01 -8.808822060169769763e-01
-1.759531074428470010e+00 -9.459546740890230065e-01
1.410086555977309919e+00 1.120846821109940050e+00
1.501893301877899933e+00 -1.445510545174589989e+00
1.304921318212739934e+00 -1.917962275442220088e+00
-1.757626691216920056e+00 -1.121200931312239968e+00
-3.074368253663660178e-01 1.354401574434619948e-01
-2.624161825760349884e-02 5.365739964317840505e-01
1.309081040356850023e+00 1.454611559924630093e+00
1.625347265379089912e+00 -6.719159836842649725e-01
1.078307854780649944e+00 -5.737263018597029696e-01
1.649958557024369998e+00 -1.181836302106259895e+00
8.111380072965900245e-01 -1.257634032367630050e+00
8.622707361338010079e-01 -1.423755930881239973e+00
-5.051722562398089922e-01 -1.123759441096690015e+00
8.413634530513040000e-01 1.123841303964530081e+00
6.627942786167170253e-01 -1.675136708622289916e+00
-1.568728975660989899e+00 -1.247773466277070087e+00
1.069426528861060044e+00 1.467939272612919899e+00
6.087252536138479941e-01 -3.064180378995889908e-01
-2.630201172215559935e-01 -2.314611280258159834e-02
-1.833497438519420042e+00 -1.510287238909499896e+00
-1.009903888707170072e+00 -1.345935189963739953e+00
-7.262056646007930549e-01 -1.149921026789080036e+00
-6.172379937625349644e-01 -1.130975083102710027e-01
4.895177523992439994e-01 -3.238232537672049993e-01
-1.693609373860800016e+00 -1.509961898954800041e+00
-1.288316978874560093e+00 -1.177369788818420027e+00
-1.575870880990730027e+00 -1.177304810994149964e+00
1.727714514974060034e+00 -1.673894126444370078e+00
-4.307367635080010249e-02 9.933758386205790436e-02
-7.699012534250619932e-01 -5.395765827353870003e-01
1.530883735694889891e+00 -1.789967122318389947e+00
6.878953265550710183e-01 -3.773526231905289796e-01
2.639980361776130269e-01 2.194410702476089822e-03
1.515392050607949903e+00 -1.670228235214640033e+00
-1.001577649126019987e+00 -1.064739856936399942e+00
-1.854205098039839905e+00 -2.285100172721029832e+00
-8.376880975443909971e-01 -1.236789266043510027e+00
-1.350026480093549974e+00 -1.364906924331279914e+00
1.307001917166429994e+00 -1.897615687109950100e+00
1.879215175963550033e+00 -1.572362744786659938e+00
-1.732192720657660112e-01 -6.869323009641230549e-01
1.322266740465730006e+00 -1.590044366736899972e+00
1.368594580422100027e+00 -2.123806907910720021e+00
1.424277002909589918e+00 -1.640611067883269936e+00
1.015631987271760073e+00 -1.893321507093350009e+00
8.037674093800040165e-01 -6.336643188915680458e-01
-6.084114861990489453e-01 9.146386198342799922e-02
-1.154496288170719920e+00 -1.188774331566589959e+00
9.645933700310439507e-01 1.317227736380520042e+00
-2.729139685232960244e-01 6.251006034111250553e-01
1.779183753815519964e+00 -1.332481388664100042e+00
1.225696551456600059e+00 -1.238825383747669928e+00
-9.650148888476260678e-02 -1.848613773494489909e-01
-1.582090123074670007e+00 -1.737072123244910005e+00
1.594212488295980057e+00 -1.701163910561970027e+00
1.700238939473859956e+00 -1.382084459513889918e+00
1.268587803706179962e+00 -1.858885792641640000e+00
1.527700826109779975e+00 -1.560917421650140025e+00
1.388104194457910057e-01 2.218468518313140014e-01
7.879150290115349842e-01 -7.109514649420000110e-01
2.635696510483520050e-01 8.292545257289970495e-01
-1.054468716992859934e+00 -2.532224231863490216e-01
4.401620937622610086e-01 5.005862118286399931e-02
1.534054678566640018e+00 -1.845529660844660080e+00
-7.983135225980980687e-02 8.938997614148290471e-02
1.056048127169850082e+00 -1.659738004161130043e+00
-1.610130962559379875e-01 -1.772872677658300089e-01
9.827929135923960113e-02 1.444587882860479955e-01
-8.437652258068899513e-01 -1.147972985528870060e+00
1.878128238789460003e+00 -2.067288700421709979e+00
1.195744242645200073e+00 1.032836194413129904e+00
-1.417095826691089910e-01 4.105252606357979728e-01
1.020706255406939933e+00 -1.008260115458599948e+00
1.823151306708050035e+00 -1.360428602066090065e+00
1.623088795094449921e+00 -1.174740263308130084e+00
-1.481602934857330078e+00 -1.601261876428649922e+00
7.583850070931960063e-01 -9.090423758435249857e-01
4.639952308896180266e-01 -8.287321296978510388e-01
-1.014623502111569930e+00 -4.255056537630330094e-01
8.002651334968960417e-02 -5.750695362456319515e-01
1.874582385856399913e+00 -2.195252434093270200e+00
3.324270319876170277e-01 -4.526010045436820173e-01
7.172336896848150456e-01 -8.204671881790660537e-01
1.449789373576650053e+00 -1.033771328754460095e+00
-1.232882573880710098e+00 -1.020345296331460094e+00
9.342488560322760316e-01 -2.034592883656960005e+00
-1.339675979024699926e+00 -1.937895056990160070e+00
1.692639082642600101e+00 -9.757611949470580415e-01
3.179402199055469946e-02 -8.822898388271109837e-01
1.148103323703939971e+00 -9.221144373857219634e-01
-1.029444722342399976e-01 -1.380458393995749947e-02
1.475394137643790127e-01 1.291004171655930066e-01
8.963305852888469455e-03 -4.604692641714159818e-01
-1.071580267078190013e-01 -1.971266957334560088e-01
1.182186102553590024e+00 -1.309615271285099913e+00
1.212539375519839924e+00 -7.358025909700209866e-01
-8.682234732310299963e-01 -5.768224036417259892e-01
9.015810412809019958e-01 -1.461656694464859907e+00
-6.059651467033909666e-01 -7.629491769185740013e-01
-8.761886922406290079e-01 -9.441118888050700209e-01
8.051294463506529775e-01 -9.047558477577499758e-01
-3.879429214226710054e-01 -5.314895226887239588e-01
-1.146303136937320000e+00 -1.040784732701580007e+00
-1.153291059020860043e+00 -1.559380899374519958e+00
-3.819552209291869893e-01 4.297100204979949906e-02
9.883980891655560486e-01 -1.519602183280660102e+00
-4.315974376940659996e-01 4.944286396370810022e-01
1.896973717526480030e+00 -1.440273226486469937e+00
-1.245086906252149905e+00 -2.041841589856410177e+00
1.728293558476269975e+00 -9.709768884385769905e-01
4.870045475010760239e-01 -6.815578705296579942e-01
-1.673125562745189976e+00 -1.347611521923909983e+00
2.184701594681599968e+00 -1.061547010131639990e+00
-1.917095175180629996e+00 -8.700459569371989943e-01
8.323487539929039780e-01 1.695535617292049935e+00
-4.887578629240619810e-01 -3.003579753292289767e-01
1.704985211022030045e+00 -1.554100605917539957e+00
-1.009472070328500060e+00 -9.648125857178410092e-01
1.751946649889660090e+00 -1.431526906285089940e+00
2.976042891070370122e-01 -3.737864797060169719e-02
-1.410616668274810026e+00 -1.176199081366080090e+00
-3.750092169108720230e-01 8.371223082985860264e-01
5.928948080060809644e-01 -8.198516247376690380e-01
9.550738049836220434e-01 -1.004687524669239940e+00
1.272513549980929914e+00 -2.102360474690040171e+00
1.462117007771049915e+00 -1.188725862630960028e+00
-1.240667324043839947e+00 -1.743254913496049996e+00
1.475287994954409987e+00 -1.233302311733259993e+00
1.542017382842179873e-01 4.073861194524320273e-01
-8.632769516845689717e-01 -9.868841084828530175e-01
2.819009510110109806e-01 6.969304443744880340e-01
-1.051360132247139978e+00 -1.848050532888899922e-01
-1.104416774710820004e+00 -6.832409681916320476e-01
1.160968358319959925e+00 -1.732824283016739964e+00
1.391624472383490074e+00 -1.198811533140659913e+00
-9.626131994624990140e-01 -1.853683765484900103e+00
7.665833659254469579e-01 -1.588481982994800035e+00
1.786917367098610043e+00 -1.741362576752440106e+00
1.497751424649979901e+00 1.645067375089420025e+00
8.767092787945930388e-01 -7.456000163204119513e-01
-1.591739365020859998e+00 -2.220864840873829849e+00
-1.303189860337550021e+00 -1.457876574004600023e+00
1.472732667639899996e-02 4.082349429564650078e-01
-1.185675987084189975e+00 -1.166117401876610060e+00
4.244101563479150130e-01 -8.992632078051220335e-01
1.538512542439840036e+00 -1.664473965991180027e+00
5.623514004714850190e-01 -3.054570013639030246e-01
1.259910340155590003e+00 1.609238894374779960e+00
5.401114599825840301e-03 2.980322282650130217e-01
3.915226118798519894e-01 2.968018419211880254e-01
-9.788133678980209806e-01 -5.444765374407489755e-01
1.265987336776829952e+00 -1.567181916899919925e+00
-1.097708497769070091e+00 -1.639645192986769917e+00
2.694471542937659780e-01 7.815222918239760411e-03
-1.130239987326149942e+00 -7.694238260533069473e-01
-3.407920555023929987e-01 -4.921820504318060174e-01
1.469570220464399890e+00 -1.629597351598309984e+00
1.121376308287050039e+00 1.072632974772919967e+00
-1.415177504904350014e+00 -1.584173786641529968e+00
1.886224661478270059e+00 -1.797656981404470056e+00
8.875746632325800523e-01 -6.523639906680249734e-01
-1.206910156232529951e+00 -5.167121592463790325e-01
1.806557858741770106e+00 -9.179121262447940133e-01
-2.073478887621340139e+00 -2.178585437228480082e+00
-6.485639178158589813e-01 -7.168117742890790511e-01
1.159018822754759981e+00 -9.475375021121820174e-01
6.226634697224230353e-01 -7.374477905963829905e-01
-1.860862106768570001e+00 -1.382147857518239986e+00
1.663527331877040050e+00 -1.936175975417490092e+00
7.824627949476840039e-01 -1.132568868775930104e+00
-5.357051813931810180e-01 -6.402093325510790356e-01
1.227876039963810006e+00 -1.727915227561150013e+00
-2.068787091942020151e+00 -1.432879458880329970e+00
-2.055034143538669866e-01 4.319846200662360025e-01
1.587957688578639948e+00 -1.448007829536489988e+00
8.492135774538650539e-01 1.476131364048179906e+00
-1.098672859765009946e+00 -1.709381542070510074e+00
-8.264436453406209804e-01 -5.926737931368599721e-01
1.613882355815539960e+00 -1.875430355119499959e+00
-1.272282653400300001e+00 -2.069543797099150095e-01
2.054482238988200038e+00 -1.648768040241300081e+00
-7.548650333016879710e-01 -6.171648602042140164e-01
-1.063488155549010106e+00 -4.632472922423609973e-01
3.212625127130089853e-01 1.279000229514560064e-02
1.383704221310330107e+00 -1.392429039345820074e+00
-1.095603883716339988e+00 -1.303469108525380005e+00
4.393693299046370071e-01 -5.138022905046060185e-01
1.071501309886760067e+00 -1.325826188197060107e+00
-5.190228198188809872e-01 -7.981787828740150026e-02
5.440408979065030071e-01 -1.006677437243530093e+00
2.516899572521739792e+00 -1.772626590298749916e+00
1.446617114333129894e+00 1.143953737274689963e+00
1.422570666772309922e+00 -9.797936316263059497e-01
3.364094430317480233e-01 -5.394717273133690094e-01
1.266698538876930069e+00 1.311556781370819991e+00
7.871288866225200076e-01 -5.848307574560690503e-01
-1.657831651057489974e+00 -1.851493653621850033e+00
-3.408860992945080270e-01 1.129439114846870068e-01
-1.031765885928789928e+00 -1.474288376871470074e+00
1.521533233078669944e+00 -1.040878508094019939e+00
1.492796738824990088e+00 -1.337172476483379890e+00
-3.373425771825350195e-01 -7.495980842542200318e-01
-1.469019650609330041e+00 -8.629623982515759462e-01
1.690065115160430009e+00 -1.531477183993279922e+00
1.495376709236549972e+00 -9.226717843526469620e-01
1.596361029923520025e+00 -1.841417671640370068e+00
-2.125859016906349819e+00 -1.293221013318059942e+00
1.387705559467909966e-01 2.830847800747450238e-01
-4.777579562575949845e-01 -7.419423963736160310e-01
9.148744209423289586e-01 1.291859501373260111e+00
1.011680530679770040e+00 1.550762060453360069e+00
-2.245071676272799799e+00 -1.917106472602660094e+00
1.683793707746529922e+00 -1.355849776533379902e+00
-1.598133796547120067e+00 -1.946222940063790041e+00
1.705961415596960018e+00 -1.356214990243570062e+00
-3.630273493896850057e-01 -2.211100528355980088e-01
1.317265908473800096e+00 -9.812645384761790046e-01
6.774127523927639949e-01 2.227371146879560115e-01
1.319875637463180096e-01 -8.378641807924609719e-02
-1.789921668575600089e+00 -1.274858436251570026e+00
-6.299226080451220122e-01 -7.460877056390440298e-01
1.392353872687869920e+00 -1.801449877153940005e+00
-6.666618110466679958e-01 -4.597408903530800228e-01
-5.114360407600360148e-01 -1.290631033602560040e-01
-9.503986668793119874e-02 1.381521671373669991e-01
1.014070448856809969e+00 8.512026354941429895e-01
2.340712458627489945e-01 5.208490722960149588e-01
-2.058241624533319936e+00 -1.524980795460449956e+00
3.077621628385799890e-01 -7.025294843057360294e-01
5.936490172988030389e-01 -2.119338368062020084e-01
-1.261304873259369908e+00 -1.670279146802049919e+00
-1.132201349210880004e+00 -6.572077480771899571e-01
-1.481415183073129915e+00 -2.139833075865659850e+00
-2.722599460646469849e-01 9.163439322036880386e-01
-2.713858202191600233e-01 -5.381130753084839569e-01
-1.613371768348629942e+00 -9.966071318404760015e-01
-1.424635065866179939e+00 -1.164228879322950050e+00
2.058990547649659941e+00 -1.120248645083439909e+00
-1.631833339241899883e-01 -8.557145400417350001e-02
1.199816114934010081e+00 -1.612473230854180040e+00
1.280533576198600088e+00 1.483166926470600000e+00
5.210071206217550266e-01 -7.748572354954900154e-01
1.681138721386280066e+00 -1.376150993898789920e+00
9.588986528562559730e-01 -1.127586597112760103e+00
-1.366276458065249999e+00 -1.122289491774389969e+00
1.581088169258920040e+00 -1.348853230979550011e+00
-1.618377644186679953e+00 -1.371302084941030008e+00
1.429903033767979892e+00 -1.862931390305879953e+00
1.125246393366029940e+00 9.544998861677219670e-01
4.284733437909130083e-01 -3.091472607106959813e-01
-1.109208326849870030e+00 -5.789587758370130510e-01
1.209284646316540091e+00 1.065346901249299982e+00
1.292717807197919955e+00 -1.343361545264529999e+00
-1.560966976763020098e+00 -1.822221314465600095e+00
1.706607834803429924e+00 -1.646024139342310066e+00
1.351943639598109925e+00 -1.739812775546119905e+00
-2.881608257743240031e-01 -6.077922109052029676e-01
-2.588862188341409798e-01 2.043187444634450012e-01
9.760821934462760030e-01 -2.117777638314730204e+00
-3.458116555411039905e-01 1.777049594931170030e-03
-1.327966045670049944e+00 -4.550666551457119846e-01
2.163345484148760101e-01 -8.122606829683830520e-01
-1.509998485839509907e+00 -1.244260527458729948e+00
-5.009432281200499881e-01 9.299222824956310252e-02
1.157195041325149942e+00 -1.327985690279110065e+00
-1.160898244627589948e+00 -1.201241828866560057e+00
1.676019800664779957e+00 -1.593280292376689999e+00
8.439951752562909748e-01 -3.407101260509949880e-01
-2.009154149856729799e+00 -1.375699762648390001e+00
8.093814295783260393e-01 -1.564544430715349987e+00
-5.927352307549570432e-01 -9.066683119611189667e-01
-3.340556752326490075e-01 -2.443240458998360010e-01
2.071566881368990032e+00 -1.197959186775130025e+00
8.834864189509650245e-01 1.198100503297300001e+00
-1.092517446234440026e+00 -7.307485977188440396e-01
1.705156944278989894e-01 -7.128843509560990332e-01
-6.000422318072540229e-01 -4.198922370137410098e-01
1.809086652927909933e+00 -1.334362786020669933e+00
2.413967415491949930e-01 -3.363120484994410186e-01
5.624456334445000483e-01 -8.887320706446150131e-01
1.667428942786530088e+00 -1.155610159168229956e+00
-1.237169565422790107e+00 -1.989213741203230024e+00
-1.535118238480549957e+00 -1.146634999443040037e+00
-1.788631335527200106e+00 -1.489532317186379906e+00
-2.396965786102160045e+00 -1.401893086484089945e+00
1.044865481362190041e+00 -1.080486777058770054e+00
1.099613158204689967e+00 1.550065831608659961e+00
-7.886335901245200564e-02 -3.193741013577570120e-01
-8.303434242897239637e-01 -3.991496811648529985e-01
-4.386557169739819795e-01 -8.916224416462410485e-01
-2.384485554003460128e-01 2.818011785889100174e-01
-3.200694433820229778e-01 2.231251514450970086e-01
1.430464637594589972e+00 -1.738649883580309918e+00
4.179803698785929944e-01 -6.149008748163580229e-01
-3.626612287504359933e-01 8.748024103509680072e-02
3.464680400697440210e-01 2.780297565228699863e-01
-1.637933469565580058e+00 -8.895905220727720053e-01
1.037595487346260059e+00 -1.200884707123859974e+00
1.441196513124499923e+00 1.387769349829790055e+00
1.587815486144390054e+00 -1.938759591171620000e+00
1.275127073760000007e+00 -1.452265397914870082e+00
9.998017243341580373e-01 -6.101756012946110141e-01
-1.887624411740129959e+00 -1.675292756789849902e+00
8.505859686817579535e-01 -9.680941687922409722e-01
-6.300185557342919962e-01 -1.009655672635159984e+00
-7.698864434964249881e-01 -4.602235275241409740e-01
1.167619552299459906e+00 -1.485859324473070009e+00
3.150654312459379991e-01 -4.648547880608659977e-01
1.290007556040269954e+00 -9.709251838493170306e-01
1.226708998214500079e+00 -1.500914793575979900e+00
1.585494146418660044e+00 1.108721531747669964e+00
-1.570966840944860055e+00 -1.466161959009220084e+00
-1.807655840886370102e+00 -1.446860445095859982e+00
-6.229461526070190214e-01 -5.787955604282100097e-01
-1.175932323272069979e+00 -2.014007492151050016e+00
7.453781057686630351e-01 -1.979565233634119903e-01
5.462615649102829929e-01 -1.554986073311559913e+00
